00005;1172;164;1284;278;no overtaking
00006;926;350;989;414;speed limit 50
00007;825;406;864;445;no overtaking
00009;925;466;949;490;speed limit 70
00012;979;364;1034;418;speed limit 30
00013;1043;281;1120;356;speed limit 50
00018;950;455;981;486;speed limit 70
00026;453;411;492;451;speed limit 30
00027;969;386;1024;441;speed limit 50
00027;102;375;157;430;speed limit 50
00029;1091;393;1133;436;no traffic both ways
00056;729;436;760;467;speed limit 30
00057;990;418;1036;467;speed limit 30
00061;1224;333;1285;394;speed limit 50
00063;815;499;837;521;no overtaking
00064;786;447;808;470;speed limit 50
00065;973;377;1022;427;no overtaking
00067;949;435;979;465;no overtaking
00069;817;459;838;480;speed limit 50
00072;836;456;858;478;speed limit 70
00080;829;381;880;432;no overtaking
00085;846;429;875;458;speed limit 30
00087;912;435;946;470;restriction ends 80 (other)
00087;306;421;340;456;restriction ends 80 (other)
00088;956;464;982;490;no overtaking (trucks)
00088;412;440;436;464;speed limit 120
00088;956;440;981;464;speed limit 120
00089;1025;438;1054;468;speed limit 80
00089;634;447;660;474;speed limit 80
00093;344;397;379;436;speed limit 30
00093;1076;339;1119;389;speed limit 30
00094;946;370;995;419;no trucks
00094;113;316;189;392;no trucks
00101;835;406;891;461;speed limit 80
00109;990;484;1020;513;speed limit 60
00110;929;489;954;513;no overtaking
00111;1091;465;1123;497;speed limit 60
00111;350;503;382;535;speed limit 60
00112;366;473;399;508;speed limit 60
00112;1186;475;1225;514;speed limit 60
00113;351;413;419;480;no overtaking (trucks)
00114;1169;421;1231;484;speed limit 60
00120;58;243;164;345;speed limit 50
00121;91;308;185;416;speed limit 100
00122;500;496;521;518;speed limit 100
00122;883;498;904;520;speed limit 100
00123;519;492;550;524;speed limit 100
00123;1101;483;1133;516;speed limit 100
00124;532;481;558;507;speed limit 70
00124;976;470;1002;496;speed limit 70
00125;1019;313;1106;401;speed limit 50
00126;840;374;868;404;speed limit 50
00126;379;365;411;396;speed limit 50
00127;138;385;175;423;speed limit 80
00127;1009;380;1046;417;speed limit 80
00131;1010;430;1034;455;no overtaking
00131;474;389;500;415;speed limit 30
00134;1008;299;1073;365;speed limit 30
00135;718;298;777;356;speed limit 30
00138;157;179;235;268;no traffic both ways
00138;1302;399;1336;432;no traffic both ways
00141;857;379;894;416;speed limit 50
00144;708;445;727;464;speed limit 70
00150;824;345;865;386;speed limit 50
00151;794;372;824;401;speed limit 30
00156;819;388;848;417;no overtaking
00166;814;382;848;416;speed limit 30
00167;369;446;392;469;speed limit 50
00167;729;433;750;455;speed limit 50
00169;1089;153;1212;276;speed limit 50
00170;912;322;944;358;speed limit 70
00171;882;335;932;385;speed limit 70
00171;883;385;932;433;no overtaking
00173;1111;279;1161;329;speed limit 30
00175;893;341;944;396;no overtaking
00176;850;414;875;440;speed limit 50
00178;728;456;748;476;speed limit 50
00180;968;384;1004;421;speed limit 50
00181;793;299;853;359;speed limit 70
00184;790;273;850;334;speed limit 30
00185;967;150;1076;257;speed limit 50
00187;675;405;709;439;speed limit 50
00203;758;375;784;400;speed limit 20
00216;312;442;337;467;speed limit 80
00216;886;446;911;472;speed limit 80
00217;971;267;1031;328;speed limit 30
00220;1127;285;1168;326;speed limit 30
00222;985;354;1022;390;speed limit 30
00223;816;334;858;374;speed limit 30
00225;856;268;924;334;speed limit 30
00226;1152;224;1220;290;speed limit 30
00228;937;295;998;356;speed limit 30
00231;1146;362;1183;399;speed limit 30
00234;1051;275;1115;338;speed limit 30
00240;847;364;879;396;speed limit 30
00241;838;400;880;442;speed limit 50
00243;843;447;867;470;speed limit 50
00244;1238;349;1282;394;no overtaking (trucks)
00245;477;442;499;464;no overtaking (trucks)
00247;471;453;492;474;speed limit 80
00247;856;448;877;469;speed limit 80
00248;204;452;229;479;speed limit 80
00248;843;429;870;456;speed limit 80
00249;1212;419;1244;452;speed limit 50
00252;915;389;960;434;no overtaking
00252;910;326;956;372;speed limit 30
00253;1186;134;1301;244;no overtaking
00259;1202;329;1247;374;speed limit 30
00260;720;266;784;330;speed limit 20
00263;646;417;666;437;speed limit 50
00264;964;412;988;435;speed limit 70
00264;965;435;988;458;no overtaking
00264;509;466;531;488;no overtaking
00268;891;396;917;422;speed limit 50
00269;966;430;990;454;no overtaking
00271;259;369;297;408;speed limit 50
00271;1090;341;1130;381;speed limit 50
00274;975;395;1011;430;speed limit 20
00277;1048;399;1071;422;no trucks
00283;1177;114;1284;219;speed limit 70
00287;1113;370;1154;411;speed limit 50
00288;413;456;436;479;speed limit 80
00288;983;438;1006;462;speed limit 80
00289;285;401;326;444;restriction ends 80 (other)
00289;1282;379;1326;424;restriction ends 80 (other)
00290;1294;391;1326;428;speed limit 80
00291;1129;384;1165;422;speed limit 60
00292;982;422;1011;451;speed limit 120
00292;315;447;345;476;speed limit 120
00293;28;410;70;456;speed limit 100
00293;1143;365;1193;415;speed limit 100
00295;1227;364;1272;411;restriction ends 80 (other)
00295;98;417;142;463;restriction ends 80 (other)
00296;460;409;492;442;speed limit 100
00296;1237;385;1269;417;speed limit 100
00303;1186;385;1215;414;speed limit 50
00309;180;388;220;431;speed limit 100
00309;1159;353;1203;398;speed limit 100
00311;616;424;650;458;speed limit 120
00311;1295;391;1329;425;speed limit 120
00313;369;414;424;470;restriction ends 80 (other)
00314;1213;398;1247;434;speed limit 80
00314;396;451;429;485;speed limit 80
00315;1267;373;1310;419;restriction ends 80 (other)
00315;172;414;213;462;restriction ends 80 (other)
00319;1201;403;1248;450;speed limit 60
00319;569;436;612;481;speed limit 60
00322;1166;327;1209;370;speed limit 80
00322;338;406;381;449;speed limit 80
00323;398;437;425;464;no overtaking (trucks)
00330;1050;313;1116;381;speed limit 50
00334;323;452;369;498;no traffic both ways
00334;760;435;797;472;speed limit 50
00343;802;531;829;558;no traffic both ways
00343;483;507;512;536;no traffic both ways
00346;291;541;321;571;speed limit 80
00346;883;542;911;570;speed limit 80
00348;952;524;990;562;speed limit 80
00349;1244;465;1312;534;no overtaking (trucks)
00350;475;543;508;576;no overtaking (trucks)
00350;1092;542;1125;573;no overtaking (trucks)
00351;511;533;538;560;speed limit 80
00352;969;549;996;576;restriction ends 80 (other)
00352;528;553;555;580;restriction ends 80 (other)
00353;456;559;477;581;no overtaking (trucks)
00355;474;537;507;570;no overtaking (trucks)
00357;1095;524;1130;560;no overtaking (trucks)
00358;316;490;374;549;speed limit 120
00359;879;559;903;583;speed limit 120
00359;467;560;492;585;speed limit 120
00360;1032;484;1076;528;speed limit 120
00360;253;502;296;545;speed limit 120
00363;407;483;450;526;speed limit 120
00366;517;530;540;553;speed limit 120
00366;518;553;541;576;no overtaking (trucks)
00366;988;550;1014;573;speed limit 120
00367;1028;501;1068;541;speed limit 120
00367;1028;542;1071;583;no overtaking (trucks)
00367;230;488;274;530;speed limit 120
00367;235;533;276;573;no overtaking (trucks)
00368;382;460;431;510;speed limit 120
00368;378;509;431;561;no overtaking (trucks)
00369;521;544;542;564;speed limit 120
00369;874;532;895;551;speed limit 120
00369;875;550;896;571;no overtaking (trucks)
00370;880;536;904;559;speed limit 120
00370;440;531;467;554;speed limit 120
00370;442;553;468;578;no overtaking (trucks)
00371;316;521;372;577;speed limit 80
00372;974;486;1017;529;speed limit 70
00373;164;517;195;548;speed limit 70
00373;819;511;853;545;speed limit 70
00376;266;487;309;530;restriction ends 80 (other)
00376;989;510;1031;552;restriction ends 80 (other)
00377;1133;504;1172;543;speed limit 120
00377;239;490;278;531;speed limit 120
00377;1133;543;1172;582;no overtaking (trucks)
00377;236;532;277;573;no overtaking (trucks)
00378;23;362;142;480;no overtaking (trucks)
00378;22;242;145;362;speed limit 120
00379;186;458;232;504;speed limit 120
00379;1064;488;1112;536;no overtaking (trucks)
00379;185;503;232;550;no overtaking (trucks)
00379;1062;442;1109;489;speed limit 120
00380;953;564;976;587;no overtaking (trucks)
00380;952;540;975;563;speed limit 120
00380;551;535;575;559;speed limit 120
00382;446;529;485;568;no overtaking (trucks)
00382;1209;496;1248;535;speed limit 120
00384;1199;416;1263;480;speed limit 120
00384;1202;479;1267;544;no overtaking (trucks)
00385;977;529;1016;568;speed limit 120
00385;267;531;307;571;speed limit 120
00386;555;561;580;586;no overtaking (trucks)
00386;977;550;1000;573;no overtaking (trucks)
00390;455;502;503;550;speed limit 120
00390;1219;494;1265;541;speed limit 120
00391;1260;502;1304;551;restriction ends 80 (other)
00391;198;508;247;558;restriction ends 80 (other)
00392;358;443;423;512;speed limit 100
00395;201;519;241;561;restriction ends 80 (other)
00395;903;519;938;555;restriction ends 80 (other)
00396;192;484;238;531;speed limit 100
00396;998;468;1046;516;speed limit 100
00397;947;524;982;559;speed limit 70
00401;420;496;461;537;speed limit 70
00401;1122;497;1163;538;speed limit 70
00404;335;415;396;476;speed limit 70
00404;1255;415;1312;472;speed limit 70
00412;1002;499;1047;545;speed limit 100
00413;1038;480;1084;529;speed limit 60
00414;1032;421;1078;468;speed limit 60
00415;827;549;849;571;no overtaking
00416;813;505;851;543;speed limit 60
00419;979;489;1025;537;speed limit 100
00420;828;542;851;565;speed limit 60
00420;361;548;383;570;speed limit 60
00425;302;503;342;543;speed limit 80
00425;900;500;941;541;speed limit 80
00425;302;543;342;583;no overtaking (trucks)
00427;294;383;388;479;speed limit 80
00428;325;548;353;576;speed limit 100
00428;937;543;966;572;speed limit 100
00431;275;527;314;564;speed limit 120
00431;1141;496;1179;536;speed limit 120
00432;237;560;263;586;speed limit 120
00432;942;512;970;540;speed limit 120
00434;167;194;257;286;speed limit 80
00435;834;535;862;564;no overtaking
00436;794;531;816;553;speed limit 80
00439;1194;504;1251;564;speed limit 120
00441;1063;531;1112;580;speed limit 120
00445;1021;498;1066;544;speed limit 80
00445;213;519;254;561;speed limit 80
00456;421;414;476;470;speed limit 60
00457;1243;418;1301;475;speed limit 50
00467;1132;501;1168;537;speed limit 60
00468;1128;506;1165;544;speed limit 60
00474;1242;549;1274;581;speed limit 100
00474;514;569;545;600;speed limit 100
00475;1233;468;1310;543;speed limit 100
00476;163;518;199;555;speed limit 100
00476;1152;523;1187;558;speed limit 100
00477;298;506;338;546;speed limit 80
00478;921;470;963;512;speed limit 80
00478;218;483;258;523;speed limit 80
00480;1055;444;1103;492;speed limit 50
00483;150;510;203;563;speed limit 100
00483;1182;531;1232;583;speed limit 100
00484;339;509;372;542;no trucks
00484;1002;529;1035;563;no trucks
00485;203;377;278;454;no trucks
00486;410;519;465;574;speed limit 100
00494;1113;300;1211;395;speed limit 30
00496;511;494;552;536;speed limit 120
00500;952;499;1000;546;speed limit 80
00512;230;486;270;522;speed limit 80
00512;1139;490;1179;530;speed limit 80
00513;142;501;197;556;speed limit 100
00514;381;511;418;548;no overtaking (trucks)
00514;1168;491;1206;530;no overtaking (trucks)
00515;257;361;333;435;speed limit 60
00518;451;526;499;574;speed limit 100
00519;454;531;507;584;speed limit 100
00520;380;507;436;565;no overtaking (trucks)
00521;377;574;405;604;speed limit 100
00521;946;565;976;595;speed limit 100
00523;1285;512;1330;555;no overtaking (trucks)
00523;455;515;502;562;no overtaking (trucks)
00524;187;530;241;584;speed limit 100
00524;1219;528;1271;580;speed limit 100
00527;359;420;389;450;no overtaking (trucks)
00528;985;339;1026;380;speed limit 100
00528;166;415;205;455;speed limit 100
00530;425;401;460;435;no overtaking (trucks)
00530;1010;401;1043;434;no overtaking (trucks)
00531;909;431;931;453;no overtaking (trucks)
00545;213;435;247;474;no traffic both ways
00551;937;465;966;493;no trucks
00552;537;512;554;529;speed limit 120
00552;814;508;832;526;speed limit 120
00552;815;525;831;541;no overtaking (trucks)
00560;1039;173;1099;233;speed limit 60
00570;881;416;914;449;no overtaking
00599;700;454;722;476;no overtaking
00601;82;450;145;508;speed limit 100
00602;1268;555;1299;586;speed limit 120
00602;443;543;474;574;speed limit 120
00605;167;511;206;550;speed limit 70
00605;846;501;881;535;speed limit 70
00609;809;507;841;539;speed limit 70
00609;310;512;343;546;speed limit 70
00611;839;488;872;521;speed limit 70
00611;840;520;873;552;no overtaking (trucks)
00613;1132;561;1169;598;speed limit 80
00613;478;546;513;581;speed limit 80
00620;863;425;892;454;no overtaking
00621;782;443;808;469;speed limit 70
00623;974;374;1034;434;speed limit 70
00625;1037;377;1102;443;speed limit 50
00626;857;404;895;442;speed limit 50
00626;857;444;893;480;no overtaking
00630;1219;315;1285;385;speed limit 70
00632;101;379;147;424;speed limit 30
00634;525;371;570;416;speed limit 50
00635;826;423;864;461;no overtaking
00638;914;374;953;414;speed limit 30
00645;1034;311;1090;367;speed limit 30
00656;574;465;599;490;no traffic both ways
00657;991;400;1026;435;no trucks
00659;993;430;1033;470;speed limit 50
00660;943;422;979;458;no overtaking
00667;737;444;764;471;speed limit 70
00669;899;393;949;444;speed limit 70
00670;997;306;1064;373;speed limit 70
00674;717;371;751;405;speed limit 30
00681;820;434;846;460;speed limit 30
00686;377;437;412;474;speed limit 80
00690;775;506;799;529;speed limit 70
00691;885;492;907;514;speed limit 70
00691;469;490;490;512;speed limit 70
00692;1050;357;1091;397;no traffic both ways
00693;984;383;1024;423;speed limit 60
00696;717;446;737;466;no overtaking
00698;737;413;765;442;speed limit 30
00699;727;413;756;443;speed limit 30
00704;766;411;793;438;speed limit 50
00705;955;343;991;378;speed limit 30
00706;866;371;899;402;speed limit 30
00707;907;383;943;419;speed limit 70
00710;1084;201;1164;283;speed limit 50
00712;932;361;984;413;no overtaking
00714;784;313;828;357;speed limit 30
00717;835;435;859;459;speed limit 70
00719;933;390;969;427;speed limit 50
00720;737;429;756;448;speed limit 50
00729;536;489;570;523;speed limit 60
00730;466;443;512;490;speed limit 60
00730;1053;517;1083;547;speed limit 60
00734;1090;450;1166;528;speed limit 60
00741;438;558;465;585;no overtaking (trucks)
00741;972;555;1000;583;no overtaking (trucks)
00742;334;562;368;596;speed limit 100
00742;960;554;995;587;speed limit 100
00746;1135;492;1181;537;speed limit 120
00746;235;469;281;515;speed limit 120
00746;1138;537;1182;579;no overtaking (trucks)
00747;298;489;345;538;restriction ends 80 (other)
00747;1148;506;1196;553;restriction ends 80 (other)
00749;301;551;346;596;speed limit 80
00749;1153;546;1200;593;speed limit 80
00752;934;448;979;494;speed limit 30
00758;982;521;1014;553;speed limit 120
00758;374;515;406;547;speed limit 120
00758;376;548;407;579;no overtaking (trucks)
00758;982;553;1015;586;no overtaking (trucks)
00760;591;563;616;587;no overtaking (trucks)
00760;1023;542;1049;569;speed limit 120
00766;256;495;289;533;no traffic both ways
00774;929;516;961;548;speed limit 30
00775;884;483;930;529;speed limit 30
00803;771;232;835;295;speed limit 30
00803;772;322;837;387;no overtaking
00806;807;407;832;432;speed limit 30
00821;859;444;882;466;speed limit 80
00821;333;442;356;466;speed limit 80
00824;232;416;267;451;no traffic both ways
00825;1083;378;1108;404;speed limit 30
00831;975;371;1014;410;speed limit 30
00833;776;332;822;378;speed limit 30
00834;1130;264;1187;325;speed limit 30
00838;1068;382;1097;411;speed limit 50
00838;443;419;470;446;speed limit 50
00839;1234;297;1279;342;speed limit 50
00839;1234;343;1280;388;no overtaking
00839;303;365;346;409;speed limit 50
00839;305;409;348;454;no overtaking
00846;374;383;409;418;speed limit 50
00846;1091;348;1128;385;speed limit 50
00848;982;241;1054;313;speed limit 30
00850;973;373;1005;405;speed limit 30
00851;1092;312;1147;367;speed limit 30
00854;1182;254;1255;327;speed limit 50
00860;1077;144;1168;231;speed limit 50
00862;285;425;362;501;speed limit 100
00866;1004;398;1032;426;no overtaking (trucks)
00870;569;456;590;477;speed limit 80
00870;1030;441;1050;461;speed limit 80
00871;375;407;411;443;speed limit 80
00871;1273;381;1313;421;speed limit 80
00872;937;406;970;439;no overtaking (trucks)
00872;318;416;351;449;no overtaking (trucks)
00876;466;469;491;494;speed limit 60
00876;776;477;796;497;speed limit 60
00881;1131;561;1168;598;speed limit 80
00881;478;546;513;581;speed limit 80
00882;244;546;317;617;speed limit 80
00884;855;477;890;512;speed limit 70
00884;854;512;889;545;no overtaking (trucks)
00886;815;517;838;540;speed limit 70
00886;815;540;840;565;no overtaking (trucks)
00891;747;551;767;571;speed limit 70
00891;473;556;493;576;speed limit 70
00895;193;482;238;527;speed limit 70
00895;966;418;1014;466;speed limit 70
00896;808;412;846;450;no traffic both ways
00898;323;504;355;536;speed limit 70
00898;817;510;849;542;speed limit 70
